-,-,-
-1382, -582, 1645
-1991, -863, 1967
-1998, -541, 1489
-1984, 103, 1649
-1998, 555, 1798
-857, 445, 984
1243, 416, 1193
1426, 860, 592
1947, 1062, 932
1997, 1092, 875
1997, 1092, 875
1997, 382, -163
1997, -144, -94
1893, -554, -173
1786, -686, -241
1324, -201, 527
833, 225, 1147
658, 349, 970
806, 275, 624
-,-,-
493, -8, 1191
156, -1, 1083
-117, -66, 977
-117, -66, 977
-93, -62, 938
-95, -41, 1008
-66, -91, 1138
-448, -136, 1243
-908, -71, 1203
-1042, -28, 1300
-948, -12, 1597
-501, 7, 1824
-501, 7, 1824
124, 35, 1679
375, 25, 1181
489, 34, 664
638, 31, 354
638, 31, 354
801, 101, 281
950, 156, 414
1039, 176, 684
1041, 128, 853
1016, 84, 903
1016, 84, 903
967, 50, 940
855, 53, 817
753, 14, 713
-,-,-
-399, -94, 1466
-1136, -150, 1505
-1125, -58, 1342
-1369, 112, 1092
-1698, 285, 1499
-1302, 345, 1984
-764, 303, 1998
-82, 230, 1804
-82, 230, 1804
753, 189, 891
1240, 99, 257
1315, 48, 178
1301, 3, 351
1301, 3, 351
1473, -21, 606
1589, -38, 680
1557, -19, 667
1397, -16, 678
1206, 5, 745
1034, 5, 728
1034, 98, 728
868, 114, 573
-,-,-
-1475, -139, 1535
-1648, 25, 1629
-1648, 25, 1629
-1373, 262, 1928
-1155, 281, 1998
-1014, 199, 1873
-325, 296, 1187
818, 230, 499
1538, 164, 571
1314, 21, 728
1070, 61, 644
1053, 160, 654
1053, 160, 654
1203, 133, 737
1401, 79, 779
1314, 55, 671
1086, 39, 539
923, 69, 574
-,-,-
-134, -396, 1341
-883, -417, 1163
-1469, -287, 1497
-1867, -25, 1775
-1878, 223, 1998
-1657, 279, 1998
-1269, 283, 1998
-364, 262, 1799
625, 152, 1319
1264, 186, 780
1369, 160, 688
1412, 48, 608
1387, 19, 577
1387, 19, 577
1348, -47, 587
1261, -43, 665
1202, -83, 664
1165, -93, 719
1110, -18, 665
967, 1, 564
-,-,-
-184, -8, 1139
-959, -75, 797
-1203, 254, 1308
-1581, 375, 1906
-1782, 512, 1998
-1755, 580, 1998
-1522, 541, 1998
-788, 486, 1921
264, 322, 1569
1319, 248, 1308
1542, 132, 693
1542, 132, 693
1409, 100, 456
1231, -51, 52
1115, -108, 328
1192, -79, 703
1249, -60, 785
1141, 25, 702
1141, 25, 702
1111, 10, 442
1263, -82, 307
1332, -160, 229
1129, -186, 290
-,-,-
-130, -201, 1358
-837, -107, 1328
-978, 35, 1354
-903, 57, 1095
-910, 289, 1595
-1197, 401, 1998
-1242, 336, 1998
-871, 334, 1885
-293, 341, 1342
199, 219, 945
759, 49, 757
759, 49, 757
1164, -95, 1075
1301, -126, 1314
1168, -116, 1239
1022, -49, 966
1064, 7, 775
1253, -45, 730
1308, -49, 612
1308, -49, 612
1137, -52, 566
1109, -34, 566
987, -13, 595
-,-,-
-687, -315, 987
-1329, -18, 819
-1868, 103, 1491
-1679, 80, 1998
-1181, -63, 1998
-632, 64, 1998
-566, 92, 1774
-566, 92, 1774
41, 98, 1293
687, 44, 854
895, 4, 369
863, 48, 411
863, 48, 411
917, 105, 673
1016, 158, 907
1197, 170, 907
1287, 161, 689
1163, 129, 582
1163, 129, 582
894, 79, 572
718, 25, 629
491, -132, 736
-,-,-
-645, -16, 1401
-1316, 39, 1583
-1614, 107, 1728
-1473, 242, 1976
-1364, 271, 1998
-1006, 308, 1870
-605, 228, 1597
-605, 228, 1597
-83, 123, 1391
690, 42, 1016
1164, -43, 695
1285, 17, 696
1149, 33, 536
952, 137, 771
952, 137, 771
868, 143, 967
900, 105, 1027
923, 69, 868
944, 37, 685
944, 37, 685
976, 28, 666
-,-,-
-115, 25, 1498
-1214, -250, 1161
-1631, -109, 1362
-1109, 10, 1494
-1246, -168, 1931
-1225, -121, 1998
-733, -72, 1988
-138, -45, 1674
446, -64, 1286
718, -113, 1061
956, -95, 753
1152, -86, 647
1207, -57, 710
1247, -53, 773
1059, -23, 807
1059, -23, 807
940, -18, 644
937, -32, 676
855, -52, 542
1048, -1, 308
-,-,-
-519, 42, 892
-810, -72, 1092
-916, -129, 1537
-696, -106, 1805
-547, -222, 1968
-867, -291, 1998
-791, -161, 1998
-614, -58, 1998
-207, 32, 1998
136, 98, 1870
136, 98, 1870
441, 191, 1362
791, 300, 952
923, 255, 763
999, 152, 667
908, 206, 487
908, 206, 487
791, 225, 269
1002, 134, 259
1103, 23, 486
1127, -39, 939
1139, -33, 1267
1030, -20, 1303
-,-,-
-605, 16, 954
-826, -63, 992
-1332, 21, 998
-1249, 112, 1553
-1124, 159, 1995
-1377, 159, 1998
-1377, 271, 1998
-1530, 336, 1998
-1140, 282, 1998
-267, 243, 1998
326, 159, 1997
655, 175, 1711
1013, 177, 1366
1286, 161, 980
1337, 234, 851
1190, 198, 628
945, 213, 601
945, 213, 601
768, 180, 631
853, 114, 622
881, 68, 538
813, 66, 431
813, 66, 431
836, 134, 462
-,-,-
-1813, 313, 1513
-1798, 395, 1813
-1226, 404, 1998
-732, 362, 1998
-732, 362, 1998
-272, 353, 1998
243, 393, 1998
659, 351, 1719
999, 270, 1228
979, 255, 819
849, 279, 749
1014, 246, 659
1014, 246, 659
1159, 170, 689
1278, 140, 714
1191, 62, 563
1061, 25, 490
893, -3, 382
893, -3, 382
796, 122, 434
593, 188, 526
-,-,-
-685, 40, 1092
-1188, -173, 1081
-1388, -60, 1448
-1201, 205, 1884
-1112, 305, 1998
-1256, 375, 1998
-855, 390, 1804
-251, 388, 1598
400, 344, 1305
959, 146, 1236
1389, 51, 1249
1453, 33, 1142
1453, 33, 1142
1306, 57, 1031
1147, 70, 795
1177, 62, 565
1189, 45, 588
962, 38, 726
962, 38, 726
879, 72, 731
865, 154, 692
1085, 236, 647
-,-,-
-207, 33, 1035
-573, -140, 970
-1235, -101, 978
-1345, 170, 1413
-1441, 313, 1983
-1241, 358, 1998
-953, 444, 1997
-478, 434, 1590
236, 308, 1051
236, 308, 1051
573, 280, 817
826, 267, 1037
1099, 80, 1204
1243, -91, 1160
1328, -89, 927
1206, -60, 714
1034, -27, 627
1034, -27, 627
858, 3, 604
780, 38, 661
692, 37, 847
717, 58, 848
-,-,-
-772, 54, 829
-1141, -81, 696
-917, 117, 1014
-916, 328, 1406
-1178, 494, 1925
-1386, 466, 1998
-1386, 466, 1998
-1172, 460, 1998
-908, 511, 1998
-490, 386, 1916
117, 258, 1450
645, 207, 1089
862, 116, 1069
778, 71, 855
731, 61, 543
731, 61, 543
1059, 70, 382
1234, 28, 438
1258, -9, 580
1136, -5, 713
1136, -5, 713
942, -22, 645
955, 82, 580
-,-,-
32, -184, 286
-658, -163, 120
-1252, -58, 660
-1448, 355, 1925
-1981, 689, 1998
-1998, 965, 1998
-1884, 1055, 1998
-617, 1008, 1998
550, 741, 1263
948, 541, 572
1456, 419, 660
1905, 229, 909
1974, 229, 495
1974, -12, 495
1768, -39, 304
1499, -45, 281
1188, -90, 533
983, -137, 733
901, -153, 781
787, -149, 763
-,-,-
-903, 417, 1494
-1920, 431, 1866
-1998, 514, 1673
-1644, 969, 1964
-963, 821, 1998
-712, 609, 1998
78, 538, 1425
78, 538, 1425
938, 379, 498
1555, 284, 634
1558, 115, 1347
1534, 72, 1417
1626, 59, 842
1749, 25, 349
1749, 25, 349
1772, -103, 203
1652, -163, 338
1432, -123, 518
1211, -54, 613
906, -41, 664
916, 138, 625
-,-,-
-895, 139, 1167
-1339, 46, 1371
-1181, 142, 1712
-1184, 395, 1998
-1718, 488, 1998
-1722, 583, 1998
-1113, 610, 1851
-113, 572, 1023
701, 380, 850
1279, 258, 999
1322, 229, 848
1322, 229, 848
1127, 356, 684
1173, 333, 540
1471, 176, 502
1603, -15, 483
1541, -90, 486
1403, -72, 703
1268, -19, 841
1268, -19, 841
1033, 27, 1050
817, 127, 1247
-,-,-
-1260, -94, 1439
-1550, -63, 1352
-1703, 348, 1838
-1984, 524, 1998
-1946, 479, 1998
-1130, 586, 1481
54, 619, 610
667, 475, 988
1188, 231, 1487
1188, 231, 1487
1558, 29, 1358
1644, 16, 769
1706, -4, 336
1738, -74, 147
1718, -67, 311
1465, -40, 512
1276, -25, 689
1276, -25, 689
1195, -28, 845
1138, 34, 907
953, 20, 866
1016, -48, 763
-,-,-
-642, 28, 1018
-598, 90, 1266
-821, 162, 1480
-1611, 266, 1653
-1973, 369, 1726
-1458, 548, 1995
-615, 477, 1982
284, 431, 1534
284, 431, 1534
982, 354, 823
1239, 260, 652
1375, 187, 892
1430, 65, 1006
1412, 15, 977
1437, -9, 774
1437, -9, 774
1343, -18, 678
1149, 17, 655
989, 33, 643
854, 70, 710
854, 70, 710
-,-,-
-685, 193, 1512
-1328, 136, 1366
-1991, 49, 1319
-1998, 276, 1852
-1869, 685, 1998
-754, 713, 1998
-83, 692, 1906
654, 602, 907
1111, 459, 535
1111, 459, 680
1617, 235, 680
1960, 161, 1040
1673, 137, 883
1438, 123, 633
1211, 182, 459
956, 161, 484
947, 91, 575
947, 91, 575
879, 23, 610
893, 12, 588
-,-,-
-311, 99, 1417
-793, 47, 1396
-1520, -61, 1949
-1998, 117, 1998
-1566, 434, 1998
-1210, 524, 1998
-965, 483, 1998
-305, 554, 1688
340, 669, 949
648, 684, 923
925, 626, 671
925, 626, 671
1628, 433, 140
1779, 233, 47
1881, 144, 379
1663, -1, 665
1388, 17, 653
1388, 17, 653
1189, 112, 636
896, 201, 751
683, 218, 798
-,-,-
-1423, 29, 1505
-1423, 29, 1505
-1374, 177, 1956
-1908, 318, 1875
-1961, 455, 1969
-1347, 583, 1998
-792, 662, 1946
-352, 792, 1421
374, 707, 1193
1347, 445, 1083
1724, 371, 759
1703, 312, 195
1673, 272, 56
1619, 149, 394
1619, 149, 394
1487, 73, 510
1342, 27, 612
1144, 3, 741
998, 69, 799
998, 69, 799
-,-,-
-336, 22, 684
-711, 142, 1109
-1381, 123, 1871
-1431, 280, 1998
-1560, 460, 1998
-1688, 485, 1998
-1040, 585, 1932
17, 552, 1743
17, 552, 1743
713, 396, 1402
1008, 369, 930
1099, 435, 669
1054, 391, 351
1191, 299, 265
1367, 163, 313
1367, 163, 313
1383, 98, 345
1263, 79, 433
1109, 52, 525
979, 50, 544
1104, 177, 807
-,-,-
-912, 17, 1740
-825, 67, 1195
-1184, 100, 1203
-1821, 457, 1908
-1967, 587, 1998
-1356, 644, 1998
-792, 626, 1975
56, 607, 1412
1231, 366, 646
1614, 84, 416
1614, 84, 416
1504, 69, 644
1086, 127, 800
1206, 82, 788
1463, 104, 790
1526, 62, 574
1526, 62, 574
1440, 78, 446
1158, 64, 670
905, 78, 708
648, 63, 665
-,-,-
-1247, -16, 698
-1449, 235, 852
-1334, 417, 1806
-1893, 427, 1998
-1991, 523, 1998
-1404, 622, 1998
-135, 692, 1981
581, 477, 1468
581, 477, 1468
1231, 388, 699
1430, 305, 94
1365, 294, 100
984, 320, 708
1060, 208, 590
1325, 128, 488
1325, 128, 488
1532, 83, 245
1453, 12, 73
1199, 33, 265
930, 85, 614
-,-,-
-882, 73, 1081
-1273, 213, 1108
-1862, 301, 1455
-1831, 277, 1804
-962, 302, 1953
-1110, 253, 1998
-794, 325, 1998
117, 497, 1739
733, 467, 954
1151, 361, 808
1151, 361, 808
1436, 306, 727
1431, 230, 603
1286, 149, 584
1250, 103, 394
1432, 1, 212
1624, -95, 192
1624, -95, 192
1461, -53, 496
1019, -20, 922
789, 57, 1085
-,-,-
-1317, 84, 1173
-1543, 331, 1837
-1688, 405, 1998
-1493, 425, 1998
-1430, 393, 1998
-1194, 461, 1938
-301, 529, 1237
481, 338, 907
481, 338, 907
816, 184, 1076
1073, 64, 513
1291, 23, 107
1448, 14, 252
1438, 18, 542
1438, 18, 542
1382, 58, 819
1211, -14, 1051
-,-,-
-581, -97, 979
-1279, -108, 1204
-1639, -46, 1073
-1136, 197, 1647
-1155, 302, 1998
-1361, 488, 1998
-1186, 709, 1956
-862, 696, 1733
-223, 570, 1209
538, 490, 744
998, 371, 720
998, 371, 720
1351, 174, 660
1471, 106, 416
1503, 292, 610
1588, 145, 921
1605, -2, 906
1605, -2, 906
1501, 53, 1028
1445, 181, 1035
1181, 90, 963
904, 110, 849
-,-,-
-1098, -188, 1246
-1542, 42, 1468
-1562, 366, 1991
-1568, 568, 1998
-1455, 478, 1985
-687, 440, 1598
-6, 354, 1262
-6, 354, 1262
361, 267, 1080
847, 285, 1153
940, 243, 1070
940, 276, 642
961, 238, 233
961, 238, 233
1003, 170, 464
1195, 113, 822
1300, 62, 1079
1409, 9, 1027
1256, 89, 1078
995, 157, 1030
995, 157, 1030
-,-,-
-1009, -380, 967
-1494, -277, 1122
-1583, -96, 1656
-1350, -65, 1998
-1947, 94, 1998
-1712, 380, 1998
-565, 342, 1998
-43, 138, 1998
84, 311, 1594
386, 512, 1058
1091, 135, 1094
1551, -35, 1297
1551, -35, 1297
1344, 41, 879
1473, 72, 369
1526, 34, 321
1287, 17, 380
1083, 9, 488
1083, 9, 488
1108, -40, 673
1042, -38, 815
-,-,-
-686, -161, 646
-1181, -130, 953
-1674, 26, 1622
-1973, 269, 1998
-1880, 331, 1998
-1212, 164, 1998
-432, 248, 1998
-569, 364, 1977
222, 409, 1632
1001, 355, 1273
1131, 212, 976
1169, 190, 1072
1066, 221, 1184
1066, 221, 1184
1228, 151, 939
1380, 87, 575
1299, 60, 583
1199, 59, 870
1058, -4, 1056
-,-,-
-876, 146, 656
-1487, -61, 1206
-993, 260, 1994
-1835, 172, 1998
-1998, 536, 1998
-1394, 659, 1998
-211, 526, 1998
76, 291, 1716
67, 246, 1151
867, 217, 986
1262, -68, 754
1262, -68, 754
1216, -53, 609
1293, 32, 613
1118, 48, 705
1224, 113, 768
1202, 77, 843
1202, 77, 843
1160, 110, 724
-,-,-
-499, -202, 1260
-785, 27, 1407
-1719, 39, 1708
-1499, 222, 1998
-1521, 405, 1998
-1727, 387, 1930
-1571, 403, 1995
-460, 265, 1428
182, 204, 766
759, 88, 545
759, 88, 545
1074, -80, 852
1210, -16, 1186
1138, 109, 1246
1354, 290, 1047
1635, 150, 835
1663, 54, 716
1460, 176, 912
-,-,-
-1213, 142, 768
-928, 255, 1486
-1191, 188, 1998
-1975, 249, 1998
-1372, 392, 1998
-1215, 221, 1998
-992, 81, 1998
-382, 33, 1992
448, 220, 1710
932, 185, 1202
932, 185, 1202
1309, 209, 737
1140, 152, 608
1213, 246, 632
1165, 253, 647
1149, 211, 430
1140, 201, 520
1219, 181, 718
-,-,-
-827, 125, 1348
-1297, 31, 1192
-1297, 31, 1192
-1951, 269, 1281
-1988, 553, 1929
-1867, 587, 1998
-1670, 490, 1998
-1039, 345, 1892
-156, 158, 1709
307, 47, 1974
710, 64, 1926
1192, 113, 1100
1436, 136, 541
1401, 138, 456
1264, 134, 861
1264, 134, 861
1275, 126, 891
1287, 164, 980
-,-,-
-1362, -83, 817
-1362, -83, 817
-1923, 101, 1333
-1998, 204, 1987
-1998, 445, 1998
-1799, 561, 1998
-1217, 501, 1998
-578, 328, 1997
-82, 269, 1405
783, 386, 1170
1305, 366, 1569
1390, 321, 1640
1202, 284, 1376
1220, 160, 1345
1577, 53, 1258
1577, 53, 1125
1802, -35, 1125
1600, 27, 903
-,-,-
-360, 76, 1745
-1142, -115, 805
-1596, 20, 569
-1527, 735, 1810
-1998, 1013, 1998
-1998, 776, 1998
-1812, 598, 1998
-1084, 515, 1997
-65, 575, 1483
568, 438, 1214
937, 134, 1437
1301, 5, 1510
1301, 5, 1510
1443, 111, 974
1408, 110, 537
1424, 126, 537
1440, 128, 639
1078, 176, 777
729, 311, 1086
-,-,-
-562, 40, 895
-1737, 17, 243
-1542, 203, 711
-962, 297, 1919
-1986, 130, 1998
-1998, 245, 1998
-1619, 466, 1990
-791, 453, 1934
-252, 547, 1906
450, 651, 1998
800, 474, 1965
1031, 459, 1256
1031, 459, 1256
1216, 460, 805
1199, 384, 1080
1144, 228, 1295
1134, 250, 1292
-,-,-
-1160, -183, 831
-1061, -211, 525
-1171, 450, 1736
-1963, 516, 1998
-1998, 432, 1998
-1715, 738, 1998
-858, 637, 1998
-611, 453, 1938
-530, 377, 1639
-299, 348, 1442
466, 343, 1036
995, 130, 918
1196, -51, 1261
1071, -33, 1718
1163, 90, 1409
1101, 90, 1029
1101, 289, 1029
-,-,-
-583, 47, 160
-619, 154, 1289
-1526, 271, 1596
-1998, 609, 1998
-1998, 697, 1998
-1761, 613, 1998
-1074, 481, 1998
-843, 447, 1929
-843, 447, 1929
-293, 473, 1370
309, 292, 1120
755, 65, 1450
945, -83, 1815
1031, -198, 1527
1119, -157, 1076
1251, 81, 536
1275, 114, 512
1137, 94, 911
-,-,-
-951, -93, 865
-1702, -5, 1794
-1998, 293, 1998
-1995, 531, 1998
-1688, 486, 1998
-1404, 436, 1998
-785, 421, 1908
-265, 285, 1298
186, 297, 903
186, 297, 903
513, 345, 618
646, 335, 685
802, 256, 852
1182, 176, 1372
1495, 125, 1872
1589, 148, 1619
1715, 31, 1463
1715, 31, 1463
-,-,-
-137, 204, 708
-137, 204, 708
-1224, 111, 649
-1372, 334, 1735
-1835, 506, 1998
-1938, 645, 1998
-1985, 556, 1998
-1519, 531, 1998
-874, 398, 1998
-221, 351, 1998
154, 372, 1998
548, 411, 1733
1025, 326, 1354
1262, 333, 1514
1348, 335, 1647
1340, 314, 1341
1340, 314, 1341
-,-,-
-371, 103, 1273
-1786, 483, 1900
-1998, 886, 1998
-1998, 886, 1998
-1998, 1170, 1998
-1828, 1106, 1998
-978, 851, 1938
-978, 851, 1938
74, 464, 1419
704, 265, 1653
1203, 126, 1659
1553, 77, 1274
1538, 14, 916
1553, 88, 741
1462, 82, 883
1462, 82, 883
1473, 48, 979
-,-,-
-1452, 285, 639
-1878, 545, 1167
-1695, 758, 1997
-1998, 727, 1998
-1998, 940, 1998
-1782, 1021, 1998
-1015, 792, 1967
-325, 540, 1675
387, 469, 1549
1213, 289, 1632
1733, 161, 1676
1897, 116, 1366
1819, 169, 949
1722, 181, 956
1527, 69, 1174
-,-,-
-1222, 73, 559
-1413, 358, 1144
-1269, 560, 1998
-1269, 560, 1998
-1980, 683, 1998
-1998, 850, 1998
-1684, 851, 1998
-1021, 596, 1998
-254, 256, 1998
490, 194, 1993
904, 172, 1497
1072, 287, 1001
1014, 294, 981
1307, 188, 1090
1389, 38, 956
1495, 201, 726
1430, 246, 650
1430, 246, 650
1391, 146, 758
-,-,-
-1398, 60, 669
-1398, 60, 669
-1971, 389, 1265
-1877, 892, 1998
-1817, 642, 1998
-1976, 447, 1998
-1756, 370, 1998
-1167, 368, 1978
-33, 340, 1533
868, 228, 1635
1053, 251, 1998
1378, 227, 1998
1803, 203, 1663
1998, 290, 973
1868, 177, 751
1868, 177, 751
-,-,-
-383, 52, 1668
-1117, 13, 1712
-1976, 54, 1514
-1998, 345, 1786
-1881, 533, 1998
-1514, 497, 1998
-1673, 519, 1998
-990, 648, 1998
-990, 648, 1998
174, 483, 1931
907, 412, 1627
1047, 172, 1318
1060, 240, 1287
1328, 294, 1291
1646, 124, 1362
1818, -71, 1675
1737, -111, 1930
1627, 47, 1523
-,-,-
-617, -275, 1302
-656, -219, 1617
-1201, 24, 1905
-1995, 527, 1998
-1998, 687, 1998
-1630, 901, 1998
-932, 824, 1998
-430, 574, 1998
245, 450, 1988
853, 392, 1656
1269, 337, 1370
1269, 337, 1370
1695, 186, 1042
1896, 207, 877
1770, 161, 1058
1760, 93, 1230
1797, 145, 1011
-,-,-
-1577, 201, 1558
-1998, 371, 1879
-1998, 942, 1998
-1998, 1187, 1998
-1990, 817, 1998
-1119, 485, 1998
-101, 246, 1998
260, 167, 1930
260, 167, 1930
823, 174, 1453
1229, 229, 876
1312, 376, 841
1082, 498, 1213
1205, 353, 1681
1519, 221, 1645
-,-,-
-1560, 145, 724
-1998, 636, 1883
-1996, 828, 1998
-1998, 749, 1998
-1998, 929, 1998
-1291, 692, 1998
-406, 208, 1998
49, 86, 1940
49, 86, 1940
966, 115, 1468
1574, 84, 863
1505, 76, 739
1252, 149, 1173
1134, 254, 1253
1204, 248, 1123
1204, 248, 1123
1415, 96, 1059
-,-,-
-505, -206, 615
-1106, -171, 637
-1883, 280, 1529
-1998, 836, 1998
-1998, 918, 1998
-1990, 820, 1998
-1383, 583, 1998
-399, 339, 1952
193, 208, 1993
715, 37, 1671
715, 37, 1671
1284, 69, 1296
1452, 184, 1007
1424, 189, 1126
1360, 127, 1169
1381, 59, 1132
1471, 118, 1160
-,-,-
-1105, 272, 764
-1105, 272, 764
-1995, 339, 1203
-1829, 618, 1989
-1456, 600, 1998
-1655, 491, 1998
-1489, 377, 1998
-802, 321, 1998
-137, 243, 1998
351, 136, 1723
954, 51, 1484
1149, 66, 1389
1279, 197, 1283
1260, 248, 1145
1257, 305, 1063
1294, 286, 993
-,-,-
-1429, 52, 397
-1429, 52, 397
-1883, 340, 1083
-1998, 915, 1989
-1998, 990, 1998
-1943, 842, 1998
-1363, 616, 1984
-631, 419, 1582
468, 54, 1585
958, -105, 1563
995, -70, 1282
1130, 26, 1053
1190, 258, 1059
-,-,-
-1523, 298, 1224
-1998, 343, 1417
-1998, 868, 1994
-1998, 868, 1994
-1694, 899, 1998
-1648, 570, 1998
-1058, 427, 1937
-39, 250, 1998
532, 37, 1998
999, 69, 1726
1164, 159, 1199
1219, 284, 1066
1168, 288, 1317
1308, 176, 1379
1528, 184, 1267
1638, 194, 1078
-,-,-
-748, -41, 876
-1935, -46, 1418
-1998, 650, 1998
-1930, 698, 1998
-1930, 698, 1998
-1601, 288, 1998
-1442, 345, 1998
-937, 305, 1760
-152, 269, 1451
435, 191, 901
915, 207, 472
816, 253, 360
628, 333, 647
894, 264, 1122
894, 264, 1122
-,-,-
-849, -270, 486
-1685, -74, 1223
-1998, 195, 1997
-1998, 52, 1998
-1992, 135, 1998
-1519, 130, 1998
-880, 183, 1773
-322, 342, 1505
595, 412, 1480
1129, 223, 1645
1129, 223, 1645
1241, 279, 1608
1177, 438, 1293
1351, 522, 1063
-,-,-
-513, -100, 964
-1662, -96, 866
-1708, 353, 1648
-1783, 598, 1998
-1998, 588, 1998
-1998, 605, 1998
-1850, 692, 1998
-1065, 613, 1989
-199, 482, 1579
421, 298, 1217
801, 168, 1090
801, 168, 1090
1002, 138, 926
1283, 189, 827
1375, 195, 686
1388, 237, 679
1426, 252, 1242
1536, 237, 1895
1625, 328, 1820
-,-,-
-386, -174, -210
-756, -80, 258
-1285, 157, 833
-1922, 546, 1789
-1914, 652, 1998
-1853, 588, 1998
-1572, 416, 1998
-755, 344, 1998
-129, 204, 1998
430, 168, 1795
678, 188, 1334
-,-,-
-1823, 247, 1632
-1823, 247, 1632
-1998, 209, 1970
-1828, 438, 1998
-1790, 466, 1998
-1276, 308, 1992
-653, 166, 1472
-61, 195, 1082
476, 203, 1012
786, 177, 1095
995, 202, 1106
1120, 205, 1117
1304, 252, 1073
1602, 189, 1086
1792, 119, 1156
-,-,-
-247, 26, 1014
-653, -35, 876
-1868, -97, 1197
-1998, 205, 1984
-1700, 524, 1998
-1670, 749, 1998
-1627, 748, 1998
-1169, 710, 1918
-322, 522, 1433
955, 414, 798
1629, 181, 212
1631, -23, 456
1631, -23, 456
1496, -108, 978
1271, -4, 1293
1356, 123, 1188
1572, 31, 1073
1800, -37, 1072
-,-,-
-182, -113, 724
-1265, -61, 924
-1998, 0, 1686
-1998, 434, 1998
-1811, 461, 1998
-1811, 461, 1998
-1496, 301, 1998
-1131, 284, 1685
-519, 219, 1115
-7, 266, 1270
637, 134, 1114
1076, 48, 838
1326, 64, 763
1413, 179, 1064
1652, 349, 1292
1721, 297, 1235
1721, 297, 1235
-,-,-
-60, -167, 693
-391, -74, 1078
-1266, 17, 1726
-1957, 86, 1998
-1998, 444, 1998
-1998, 586, 1998
-1688, 475, 1998
-716, 373, 1708
45, 230, 860
503, 34, 757
503, 34, 757
880, -76, 892
1239, -107, 799
1274, 119, 682
1262, 235, 594
1358, 235, 691
1448, 174, 929
1448, 174, 929
-,-,-
-152, -76, 1208
-1021, -47, 1336
-1984, -47, 1190
-1998, 130, 1863
-1960, 441, 1998
-1844, 509, 1998
-1297, 614, 1885
-490, 626, 738
536, 379, 245
678, 283, 1086
678, 283, 1086
1251, 34, 1340
1897, -134, 1214
1998, -76, 1179
1994, -155, 1140
1789, -82, 1028
-,-,-
-628, -115, 1253
-943, 77, 1837
-1870, 219, 1925
-1998, 239, 1998
-1752, 137, 1945
-871, 136, 1740
-278, 148, 1258
-278, 148, 1258
297, 188, 483
605, 200, 152
760, 301, 705
831, 341, 1596
1220, 284, 1857
1642, 135, 1302
1959, 60, 907
1959, 60, 907
-,-,-
-46, -138, 1097
-46, -138, 1097
-978, -88, 962
-1661, 203, 1815
-1998, 334, 1998
-1998, 454, 1998
-1668, 504, 1998
-988, 427, 1936
-538, 325, 1401
-149, 195, 876
153, 202, 863
578, 193, 1012
1046, 181, 1174
1071, 186, 1005
1071, 186, 1005
-,-,-
-246, -129, 1469
-1487, -174, 1293
-1986, -21, 1357
-1504, 189, 1988
-1545, 328, 1998
-1691, 448, 1847
-1261, 447, 1353
-727, 477, 1442
-233, 405, 1560
-233, 405, 1560
516, 308, 1079
1119, 147, 532
1539, -2, 661
1710, -136, 1048
-,-,-
-630, -69, 1092
-1518, 49, 1347
-1998, 25, 1680
-1920, 180, 1998
-1773, 237, 1979
-1603, 172, 1838
-959, 248, 1864
-196, 230, 1393
-196, 230, 1393
452, 102, 664
826, -73, 151
913, 77, 297
1108, 263, 638
1081, 397, 1157
1257, 204, 1600
1841, 0, 1563
-,-,-
-408, -188, 867
-1124, -117, 1231
-1511, 5, 1675
-1982, 69, 1994
-1923, 374, 1998
-1727, 460, 1998
-1329, 472, 1981
-708, 378, 1487
-708, 378, 1487
22, 291, 557
829, 97, 170
991, -60, 1122
1111, -80, 1544
1204, 38, 1200
1423, 193, 611
1423, 193, 611
-,-,-
-490, -17, 1252
-624, 14, 1659
-1865, 180, 1459
-1998, 514, 1463
-1994, 584, 1452
-1538, 578, 1945
-1249, 536, 1998
-485, 289, 1895
472, -32, 1247
472, -32, 1247
1165, -144, 1070
1317, -90, 1164
1467, -8, 946
-,-,-
-290, -24, 986
-1201, 226, 1100
-1714, 195, 1461
-1866, 393, 1757
-1998, 552, 1998
-1934, 514, 1998
-1327, 463, 1998
-647, 360, 1915
229, 169, 984
229, 169, 984
708, 123, 357
860, 216, 515
868, 282, 657
1046, 291, 584
1482, 131, 639
1482, 131, 639
-,-,-
-1081, 173, 1323
-1388, 217, 1280
-1939, 168, 1400
-1998, 120, 1612
-1998, 348, 1963
-1457, 547, 1998
-776, 482, 1962
-776, 482, 1962
-1, 262, 1354
539, 192, 635
813, 226, 489
850, 207, 777
957, 305, 1216
-,-,-
-858, 106, 1263
-1657, 360, 1737
-1998, 404, 1655
-1998, 541, 1793
-1916, 678, 1973
-1916, 678, 1973
-1313, 661, 1970
-647, 453, 1417
-67, 271, 803
402, 239, 528
816, 265, 617
1115, 222, 1033
1238, 213, 1342
1364, 200, 1388
1498, 149, 1239
1536, 96, 1263
-,-,-
-337, 109, 1138
-1226, 111, 1065
-1626, 141, 1205
-1293, 203, 1927
-1928, 286, 1898
-1941, 429, 1854
-1249, 516, 1936
-611, 388, 1690
-274, 203, 1279
104, 165, 731
596, 348, 462
596, 348, 462
907, 326, 700
1162, 247, 1283
1484, 88, 1414
1859, 32, 1235
-,-,-
-933, -106, 1127
-1423, 15, 1373
-1915, 86, 1587
-1998, 343, 1848
-1735, 494, 1998
-1011, 397, 1998
-452, 312, 1618
255, 151, 859
255, 151, 859
532, 97, 846
940, 83, 1267
1355, 21, 1193
1466, -8, 1082
1393, 127, 912
1393, 127, 912
-,-,-
-1245, 134, 1660
-1920, 329, 1658
-1998, 445, 1489
-1817, 401, 1798
-1331, 298, 1940
-897, 200, 1901
-392, 228, 1836
277, 192, 1503
277, 192, 1503
763, 89, 1177
1122, 45, 803
1256, 136, 432
1236, 233, 517
1121, 269, 737
1255, 260, 880
1255, 260, 880
-,-,-
-1283, -114, 1142
-1520, -120, 1214
-1553, 135, 1690
-1878, 248, 1998
-1967, 241, 1964
-1405, 362, 1760
-873, 264, 1652
-395, 132, 1281
81, 8, 842
442, 96, 507
621, 242, 517
621, 242, 517
694, 338, 790
943, 418, 1124
1117, 385, 1266
1256, 285, 1072
-,-,-
-660, -30, 1199
-901, -40, 997
-1499, -187, 1220
-1998, -153, 1533
-1998, 35, 1721
-1555, 94, 1804
-784, 59, 1778
-437, -4, 1624
-224, -122, 1160
161, -29, 1042
531, 104, 1086
693, 276, 948
693, 276, 948
1010, 299, 627
1175, 246, 902
1307, 151, 1384
1594, 92, 1437
-,-,-
-1272, -77, 1124
-1678, 50, 1123
-1616, 59, 1738
-1968, -72, 1998
-1848, 1, 1909
-1211, 106, 1899
-563, -43, 1743
-105, -159, 1330
350, -68, 915
655, 109, 693
817, 282, 580
817, 282, 580
1014, 394, 527
1083, 383, 701
1167, 307, 1070
1389, 181, 1404
-,-,-
-1164, -191, 1170
-1984, -124, 1001
-1998, 228, 1586
-1998, 413, 1998
-1654, 171, 1998
-1000, 218, 1890
-276, 296, 1283
284, 155, 868
284, 155, 868
672, 150, 688
1004, 210, 786
1132, 299, 904
1182, 421, 1084
1106, 462, 1310
-,-,-
-977, -169, 1011
-1678, -314, 1129
-1998, -127, 1662
-1998, 346, 1894
-1998, 468, 1956
-1570, 374, 1698
-595, 171, 1187
92, -27, 1112
502, -60, 1211
573, 131, 1087
728, 362, 1027
1101, 477, 789
1101, 477, 789
1287, 359, 1045
-,-,-
-1377, 120, 1115
-1612, -77, 1084
-1774, -107, 1494
-1998, 168, 1734
-1897, 251, 1822
-1172, 121, 1674
-540, 30, 1587
172, 7, 1362
712, -46, 938
911, -18, 665
911, -18, 665
1019, 163, 853
1189, 330, 1012
1455, 313, 1100
1584, 171, 1046
-,-,-
-1586, 38, 1328
-1998, 80, 1325
-1998, 182, 1514
-1821, 382, 1876
-1390, 308, 1998
-878, 201, 1969
-878, 201, 1969
17, 31, 1026
929, -49, 327
975, 23, 439
696, 240, 974
995, 338, 1366
995, 338, 1366
1346, 261, 1555
1773, 208, 927
1877, 152, 712
1756, 117, 723
-,-,-
-1341, 23, 1065
-1341, 23, 1065
-1996, 198, 1457
-1998, 390, 1531
-1860, 405, 1772
-1524, 289, 1787
-812, 168, 1386
180, 39, 910
535, 128, 1185
802, 64, 1291
1026, 59, 1395
1271, 187, 1301
1513, 244, 1206
1513, 244, 1206
1634, 216, 899
1696, 227, 742
-,-,-
-1760, -22, 1441
-1998, -47, 1507
-1875, -2, 1769
-1430, 154, 1796
-1477, 222, 1986
-941, 52, 1390
169, -29, 521
169, -29, 521
645, 146, 590
613, 182, 1068
1083, 113, 1560
1320, 64, 1671
1652, 178, 1360
1727, 278, 953
1534, 268, 741
1534, 268, 741
-,-,-
-1696, 98, 1527
-1942, 102, 1255
-1998, 119, 1335
-1849, 105, 1636
-1304, 25, 1954
-369, 43, 1652
230, -16, 1154
688, -46, 842
890, 38, 930
1081, 181, 1118
1369, 223, 1136
1369, 223, 1136
1674, 179, 1091
1723, 85, 1095
1553, 23, 1004
-,-,-
-1526, -25, 1642
-1998, -19, 1798
-1998, 226, 1913
-1655, 456, 1998
-1036, 243, 1998
-576, -18, 1860
47, -184, 1289
790, -81, 649
790, -81, 649
1280, -111, 211
1126, -36, 476
883, 169, 966
960, 366, 1167
1336, 382, 1171
-,-,-
-1821, -119, 1503
-1998, -156, 1393
-1988, -27, 1746
-1558, -144, 1996
-1019, -233, 1793
-250, -51, 1128
232, 231, 687
511, 381, 692
755, 308, 654
755, 308, 654
924, 316, 936
1238, 468, 1441
1519, 426, 1769
1679, 246, 1548
1707, 209, 1121
-,-,-
-1268, -15, 1427
-1925, 31, 1825
-1998, 132, 1701
-1974, 370, 1935
-1473, 268, 1983
-721, 150, 1875
-143, -34, 1406
372, -127, 1027
696, -129, 719
1017, -16, 516
1017, -16, 516
1096, 218, 837
929, 253, 1293
1271, 155, 1317
1606, 125, 1286
-,-,-
-1823, 74, 1013
-1823, 74, 1013
-1998, 200, 1725
-1998, 259, 1998
-1931, 248, 1917
-1573, 230, 1822
-1137, 150, 1859
-547, 30, 1850
-49, -54, 1417
392, -13, 884
934, 145, 388
1003, 312, 624
964, 326, 1450
964, 326, 1450
1012, 236, 1968
1307, 208, 1504
-,-,-
-729, -36, 1335
-1746, 99, 1463
-1998, 222, 1506
-1998, 460, 1873
-1918, 542, 1998
-1370, 382, 1998
-903, 192, 1945
-219, 74, 1489
493, -30, 1096
958, -71, 843
1183, 99, 793
1328, 259, 884
1328, 259, 884
1398, 273, 1226
-,-,-
-1785, 91, 1337
-1949, 85, 1802
-1998, 207, 1957
-1991, 416, 1998
-1398, 249, 1998
-751, 24, 1793
-97, -42, 1590
-97, -42, 1590
357, -63, 1095
732, 41, 707
910, 296, 658
1069, 536, 640
1220, 529, 941
1220, 529, 941
1300, 414, 1296
1537, 267, 1522
-,-,-
-1249, 43, 1177
-1739, 148, 1425
-1677, 81, 1824
-1891, 212, 1951
-1966, 345, 1816
-1273, 284, 1793
-545, 134, 1739
-287, 41, 1506
183, 19, 1188
588, 106, 908
588, 106, 908
878, 219, 721
916, 312, 745
1072, 294, 799
1212, 293, 985
1271, 262, 987
1271, 262, 987
1326, 190, 1004
-,-,-
-988, 104, 926
-1724, 50, 965
-1989, 154, 1387
-1998, 234, 1756
-1998, 303, 1998
-1625, 262, 1998
-945, 132, 1979
-394, 42, 1717
283, -4, 1195
725, 6, 601
725, 6, 601
761, 120, 576
866, 318, 921
1051, 371, 957
1051, 371, 957
1648, 405, 1230
1826, 240, 1172
-,-,-
-815, -37, 942
-1499, -50, 1282
-1912, 40, 1569
-1998, 123, 1580
-1986, 204, 1986
-1494, 265, 1998
-1061, 295, 1998
-277, 195, 1793
282, 34, 1212
697, -37, 870
790, 124, 763
621, 326, 842
621, 326, 842
909, 373, 654
1494, 175, 700
1644, 132, 941
1463, 231, 1000
-,-,-
-1771, 57, 1387
-1998, 250, 1420
-1998, 506, 1881
-1945, 522, 1998
-1157, 272, 1971
-258, 128, 1433
119, 119, 973
481, 87, 831
481, 87, 831
851, -2, 896
1169, 42, 801
1392, 182, 889
1443, 308, 1310
1443, 308, 1310
1445, 192, 1600
-,-,-
-432, -166, 1240
-1249, 75, 1727
-1976, -21, 1291
-1998, 61, 1646
-1998, 459, 1998
-1998, 578, 1998
-1480, 445, 1795
-427, 209, 1334
67, 118, 1030
462, 220, 794
834, 368, 601
834, 368, 601
1164, 427, 419
1459, 343, 715
1644, 215, 1207
1820, 153, 1429
1803, 80, 1419
-,-,-
-1257, 115, 1131
-1998, 279, 1153
-1998, 445, 1463
-1998, 596, 1697
-1882, 533, 1730
-1559, 534, 1746
-1108, 482, 1534
-364, 392, 1278
430, 262, 909
1082, 195, 761
1352, 173, 1095
1352, 173, 1095
1369, 168, 1579
1685, 130, 1479
-,-,-
-608, 10, 1164
-1562, 61, 1100
-1994, 14, 1146
-1998, 99, 1554
-1912, 167, 1984
-1932, 288, 1998
-1549, 268, 1975
-898, 157, 1669
-267, 13, 1260
213, -10, 756
213, -10, 756
483, 26, 647
759, 79, 1113
1152, 111, 1433
1495, 93, 1268
1734, 98, 880
1734, 98, 880
1859, 36, 809
1826, -42, 1029
-,-,-
-1280, -193, 906
-1824, 2, 1330
-1998, 164, 1993
-1998, 223, 1770
-1998, 272, 1792
-1927, 324, 1994
-1247, 327, 1969
-244, 254, 1500
358, 178, 900
827, 87, 991
1166, 33, 1381
1314, 156, 1501
1314, 156, 1501
1376, 298, 1171
-,-,-
-840, -127, 1433
-1734, 30, 1309
-1998, 140, 1723
-1998, 353, 1998
-1939, 411, 1998
-1847, 405, 1997
-1156, 324, 1821
-266, 137, 1558
349, 29, 1161
829, 130, 969
1108, 313, 594
1478, 362, 593
1499, 299, 994
1499, 299, 994
1655, 268, 1243
1938, 225, 1280
-,-,-
-1149, -89, 1203
-1772, -163, 935
-1996, 222, 1500
-1998, 700, 1986
-1998, 681, 1998
-1442, 367, 1911
-714, 250, 1935
-276, 129, 1504
485, 110, 684
936, 254, 424
936, 254, 424
925, 420, 896
917, 372, 1604
1301, 216, 1728
1871, 214, 1387
-,-,-
-1214, -55, 1491
-1998, 18, 1790
-1998, 149, 1998
-1709, 296, 1998
-1525, 233, 1998
-1281, 71, 1982
-608, -61, 1558
-32, -139, 1044
460, -12, 902
460, -12, 902
717, 74, 925
976, 211, 915
-,-,-
-1681, -70, 876
-1681, -70, 876
-1997, 149, 1412
-1998, 539, 1897
-1998, 708, 1998
-1866, 474, 1954
-775, 301, 1441
4, 116, 899
295, 43, 1048
589, -23, 1264
1142, 78, 1124
1360, 211, 998
1360, 211, 998
1378, 321, 1108
1418, 224, 1347
1661, 106, 1564
-,-,-
-812, -130, 1083
-1665, -88, 1104
-1998, 180, 1817
-1998, 542, 1998
-1985, 574, 1998
-1635, 426, 1981
-935, 273, 1777
-105, 194, 1415
552, 164, 904
623, 107, 677
692, 107, 966
692, 164, 966
1378, 185, 988
1688, 164, 918
1941, 170, 855
1855, 65, 1054
1661, 22, 1312
1493, 37, 1348
-,-,-
-1228, -186, 810
-1629, -73, 1480
-1992, 210, 1998
-1998, 272, 1998
-1998, 373, 1998
-1998, 373, 1998
-1212, 380, 1998
-326, 170, 1790
121, 139, 947
514, 200, 755
647, 119, 834
1017, 74, 864
1431, 264, 769
1546, 259, 926
1546, 259, 926
1638, 196, 1269
-,-,-
-741, -34, 1230
-1457, -13, 1588
-1998, 238, 1960
-1998, 688, 1998
-1781, 639, 1998
-806, 392, 1969
-470, 259, 1525
-470, 259, 1525
105, 169, 927
451, 88, 689
820, 132, 671
983, 129, 840
1113, 153, 1188
1432, 206, 1163
1432, 206, 1163
1872, 207, 956
1998, 92, 928
-,-,-
-1093, 87, 1274
-1873, 219, 1040
-1998, 488, 1664
-1998, 553, 1998
-1998, 437, 1998
-1576, 473, 1998
-614, 352, 1862
77, 142, 1522
492, 31, 1061
884, 55, 913
884, 55, 913
1145, 138, 822
1154, 340, 885
1296, 381, 958
1673, 185, 1148
-,-,-
-1742, 145, 1591
-1998, 68, 1715
-1998, 68, 1962
-1998, 241, 1962
-1933, 371, 1998
-1263, 211, 1983
-518, 138, 1638
28, 79, 1202
451, 99, 883
732, 112, 591
732, 250, 593
732, 250, 593
869, 469, 630
1050, 505, 797
1432, 354, 1011
1537, 251, 1189
1590, 173, 1219
-,-,-
-1055, 27, 1215
-1337, -9, 1261
-1826, 24, 1567
-1998, 99, 1941
-1965, 102, 1942
-1417, 105, 1873
-805, 54, 1814
-348, -25, 1366
13, -77, 962
13, -77, 962
284, -68, 728
669, 66, 558
1100, 136, 578
1092, 129, 1028
-,-,-
-604, -202, 935
-857, -266, 967
-1687, -213, 1195
-1998, 65, 1672
-1998, 230, 1998
-1903, 207, 1997
-1330, 228, 1840
-686, 92, 1339
-140, -25, 778
336, -50, 477
639, 71, 565
639, 71, 565
450, 309, 1181
805, 436, 1329
1474, 167, 1378
1902, -27, 1357
1991, -94, 1541
